1
89999.0
13
2
129999.0
12
3
59999.0 
6
4
65999.0
4
5
62999.0
6
6
52999
5
7
2999.0
15
8
399.0
20
9
3999.0
40
11
50.0
2
12
150.0
2
13
45.0
2
14
35.0
2
15
100.0
2
16
25.0
2
17
45.0
2
18
230.0
2
19
120.0
2
21
599.0
12
22
499.0
6
23
649.0
4
24
449.0
10
25
599.0
35
26
899.0
5
27
30.0
50
28
49.0
35
29
99.0
22
31
450.0
5
32
999.0
5
33 
500.0 
5
34
500.0
5
35
499.0
5
36
999.0
5
37
999.0
5
38
500.0
5
39
1999.05
5